U1 = 0.000000000000000040040329806638157622061132068177*psi - 0.000000000000000004006260662349088113459483121302*psidot + 0.000000000000000040199263120208627223437034754057*thetadot + 0.00000000000016481994537721932724351482870661*theta + 0.00000000000098891967226331596346108897223964*x + 0.0000000000079113573781065277076887117779171*xdot + 4.11553517599868712295574368909*z + 2.5199605312384134592207374225836*zdot + 3.1622776601683793319988935444327*zintegrator

U2 = 189.73665961010275991993361266596*y - 31.630275731249675175149604910985*phidot - 31.622776601683793319988935444327*phi + 1517.8932768808220793594689013277*ydot

U3 = 0.00000000000000070138917281910823366567033228324*psidot + 0.00000000000000043749598496085489029482841870694*psi - 31.630275731249682280576962511986*thetadot - 31.622776601683793319988935444327*theta - 189.73665961010275991993361266596*x - 1517.8932768808220793594689013277*xdot - 0.0000000000000070356585091052359927346895193447*z - 0.0000000000000034839309111753163949802837487703*zdot - 0.000000000000011331008570360934389675285377061*zintegrator

U4 = 0.00000000000000040464873271944341320474427745137*thetadot - 1.0*psi - 1.0129165771177819355131077827537*psidot + 0.00000000000023878030692159577841250980175465*theta + 0.0000000000014326818415295746704750588105279*x + 0.000000000011461454732236597363800470484223*xdot - 0.00000000000000031636295750377493337137733115377*z + 0.00000000000000020031329352465790704239314222127*zdot - 0.00000000000000010038228518403374163714875500275*zintegrator

